🔹 Tìm được 8 đoạn centerline
Đoạn 1: [[531,51],[530,52],[530,53],[528,55],[528,56],[527,57],[525,57],[524,58],[521,58],[520,59],[518,59],[517,60],[515,60],[514,61],[512,61],[511,62],[510,62],[509,63],[507,63],[506,64],[505,64],[504,65],[502,65],[501,66],[500,66],[499,67],[497,67],[496,68],[495,68],[494,69],[493,69],[492,70],[490,70],[489,71],[488,71],[487,72],[486,72],[485,73],[483,73],[482,74],[481,74],[480,75],[479,75],[478,76],[476,76],[475,77],[474,77],[473,78],[472,78],[471,79],[470,79],[469,80],[468,80],[467,81],[465,81],[464,82],[463,82],[462,83],[461,83],[460,84],[458,84],[457,85],[455,85],[454,86],[453,86],[452,87],[450,87],[449,88],[448,88],[447,89],[445,89],[444,90],[442,90],[441,91],[440,91],[439,92],[437,92],[436,93],[434,93],[433,94],[432,94],[431,95],[430,95],[429,96],[427,96],[426,97],[424,97],[423,98],[422,98],[421,99],[420,99],[419,100],[416,100],[415,101],[413,101],[412,102],[410,102],[409,103],[407,103],[406,104],[404,104],[403,105],[402,105],[401,106],[398,106],[397,107],[395,107],[394,108],[393,108],[392,109],[389,109],[388,110],[386,110],[385,111],[383,111],[382,112],[380,112],[379,113],[377,113],[376,114],[375,114],[374,115],[372,115]]
Đoạn 2: [[372,115],[374,115],[375,114],[376,114],[377,113],[379,113],[380,112],[382,112],[383,111],[385,111],[386,110],[388,110],[389,109],[392,109],[393,108],[394,108],[395,107],[397,107],[398,106],[401,106],[402,105],[403,105],[404,104],[406,104],[407,103],[409,103],[410,102],[412,102],[413,101],[415,101],[416,100],[419,100],[420,99],[421,99],[422,98],[423,98],[424,97],[426,97],[427,96],[429,96],[430,95],[431,95],[432,94],[433,94],[434,93],[436,93],[437,92],[439,92],[440,91],[441,91],[442,90],[444,90],[445,89],[447,89],[448,88],[449,88],[450,87],[452,87],[453,86],[454,86],[455,85],[457,85],[458,84],[460,84],[461,83],[462,83],[463,82],[464,82],[465,81],[467,81],[468,80],[469,80],[470,79],[471,79],[472,78],[473,78],[474,77],[475,77],[476,76],[478,76],[479,75],[480,75],[481,74],[482,74],[483,73],[485,73],[486,72],[487,72],[488,71],[489,71],[490,70],[492,70],[493,69],[494,69],[495,68],[496,68],[497,67],[499,67],[500,66],[501,66],[502,65],[504,65],[505,64],[506,64],[507,63],[509,63],[510,62],[511,62],[512,61],[514,61],[515,60],[517,60],[518,59],[520,59],[521,58],[524,58],[525,57],[527,57],[528,56],[528,55],[530,53],[530,52]]
Đoạn 3: [[112,14],[108,18],[105,60],[98,73],[96,85],[94,87],[63,89],[45,104]]
Đoạn 4: [[45,104],[63,89],[87,87],[95,88],[94,142],[88,196],[87,220],[6,220]]
Đoạn 5: [[6,220],[107,221],[257,204],[278,203],[280,205],[280,214],[277,228],[277,237],[274,245],[261,327],[258,331]]
Đoạn 6: [[258,331],[261,327],[274,245],[277,237],[280,202],[300,199],[304,196],[327,194],[426,168],[516,134],[523,133],[527,130],[531,123]]
Đoạn 7: [[531,123],[527,130],[523,133],[516,134],[426,168],[327,194],[303,196],[301,194],[304,148],[298,133],[297,115]]
Đoạn 8: [[297,115],[298,133],[304,148],[301,194],[303,196],[302,198],[273,204],[257,204],[107,221],[88,221],[88,196],[94,142],[95,86],[98,73],[105,60],[108,18],[113,14]]

🔸 Tìm được 34 nút giao
Nút 1: (526, 55)
Nút 2: (517, 59)
Nút 3: (503, 65)
Nút 4: (489, 70)
Nút 5: (474, 77)
Nút 6: (461, 82)
Nút 7: (446, 88)
Nút 8: (431, 94)
Nút 9: (416, 100)
Nút 10: (401, 105)
Nút 11: (385, 110)
Nút 12: (110, 16)
Nút 13: (101, 66)
Nút 14: (94, 82)
Nút 15: (63, 89)
Nút 16: (45, 104)
Nút 17: (94, 142)
Nút 18: (88, 196)
Nút 19: (87, 220)
Nút 20: (6, 220)
Nút 21: (107, 221)
Nút 22: (257, 204)
Nút 23: (278, 205)
Nút 24: (277, 229)
Nút 25: (275, 241)
Nút 26: (260, 328)
Nút 27: (302, 196)
Nút 28: (327, 194)
Nút 29: (426, 168)
Nút 30: (522, 132)
Nút 31: (526, 129)
Nút 32: (304, 148)
Nút 33: (298, 133)
Nút 34: (297, 115)